  3792.3  3792.2  3792.2  3792.2  3792.1 -1000.0 -1000.0 -1000.0 -1000.0 -1000.0  3791.7  3791.7  3791.7  3791.7  3791.7  3791.7  3791.7  3791.7 -1000.0 -1000.0
  3792.3  3792.3  3792.3  3792.2  3792.1 -1000.0 -1000.0 -1000.0 -1000.0 -1000.0  3791.7  3791.7  3791.7  3791.7  3791.7  3791.7  3791.7  3791.7 -1000.0 -1000.0
  3792.3  3792.2  3792.2  3792.2  3792.1  3792.0  3791.9  3791.9  3791.8  3791.8  3791.8  3791.7  3791.7  3791.7  3791.7  3791.7  3791.6  3791.6 -1000.0 -1000.0
 -1000.0 -1000.0  3792.1  3792.1  3792.0  3792.0  3791.9  3791.9  3791.8  3791.8  3791.8  3791.7  3791.7  3791.7  3791.7  3791.6  3791.6  3791.6 -1000.0 -1000.0
 -1000.0 -1000.0  3792.0  3792.0  3792.0  3791.9  3791.9  3791.9  3791.8  3791.8  3791.8  3791.7  3791.7  3791.7  3791.6  3791.6  3791.6  3791.6  3791.6  3791.5
 -1000.0 -1000.0  3792.0  3792.0  3791.9  3791.9  3791.9  3791.9  3791.8  3791.8  3791.8  3791.7  3791.7  3791.7  3791.6  3791.6  3791.6  3791.6  3791.5  3791.5
 -1000.0 -1000.0  3791.9  3791.9  3791.9  3791.9  3791.9  3791.8  3791.8  3791.8  3791.8  3791.7  3791.7  3791.7  3791.7  3791.6  3791.6  3791.6  3791.6  3791.6
 -1000.0 -1000.0  3791.9  3791.9  3791.9  3791.9  3791.8  3791.8  3791.8  3791.8  3791.8  3791.7  3791.7  3791.7  3791.7  3791.6  3791.6  3791.6  3791.6  3791.6
 -1000.0 -1000.0  3791.9  3791.9  3791.9  3791.8  3791.8  3791.8  3791.8  3791.8  3791.8  3791.7  3791.7  3791.7  3791.7  3791.7  3791.6  3791.6  3791.6  3791.6
 -1000.0 -1000.0 -1000.0 -1000.0 -1000.0  3791.8  3791.8  3791.8  3791.8  3791.8  3791.8  3791.7  3791.7  3791.7  3791.7  3791.7  3791.6  3791.6  3791.6  3791.6
 -1000.0 -1000.0 -1000.0 -1000.0 -1000.0  3791.8  3791.8  3791.8  3791.8  3791.8  3791.8  3791.8  3791.7  3791.7 -1000.0 -1000.0 -1000.0 -1000.0 -1000.0 -1000.0
 -1000.0 -1000.0 -1000.0 -1000.0 -1000.0  3791.8  3791.8  3791.8  3791.8  3791.8  3791.8  3791.8  3791.7  3791.7 -1000.0 -1000.0 -1000.0 -1000.0 -1000.0 -1000.0
  3792.1  3792.1  3792.1  3792.1  3792.1 -1000.0 -1000.0 -1000.0 -1000.0 -1000.0  3791.7  3791.7  3791.7  3791.7  3791.7  3791.7  3791.7  3791.7 -1000.0 -1000.0
  3792.1  3792.1  3792.1  3792.1  3792.0 -1000.0 -1000.0 -1000.0 -1000.0 -1000.0  3791.8  3791.7  3791.7  3791.7  3791.7  3791.7  3791.7  3791.7 -1000.0 -1000.0
  3792.1  3792.1  3792.1  3792.0  3792.0  3791.9  3791.9  3791.9  3791.8  3791.8  3791.8  3791.8  3791.7  3791.7  3791.7  3791.7  3791.7  3791.7 -1000.0 -1000.0
 -1000.0 -1000.0  3792.0  3792.0  3792.0  3791.9  3791.9  3791.9  3791.8  3791.8  3791.8  3791.8  3791.7  3791.7  3791.7  3791.7  3791.7  3791.6 -1000.0 -1000.0
 -1000.0 -1000.0  3792.0  3792.0  3791.9  3791.9  3791.9  3791.9  3791.8  3791.8  3791.8  3791.8  3791.7  3791.7  3791.7  3791.7  3791.7  3791.6  3791.6  3791.6
 -1000.0 -1000.0  3791.9  3791.9  3791.9  3791.9  3791.9  3791.8  3791.8  3791.8  3791.8  3791.8  3791.7  3791.7  3791.7  3791.7  3791.6  3791.6  3791.6  3791.6
 -1000.0 -1000.0  3791.9  3791.9  3791.9  3791.9  3791.9  3791.8  3791.8  3791.8  3791.8  3791.8  3791.7  3791.7  3791.7  3791.7  3791.6  3791.6  3791.6  3791.6
 -1000.0 -1000.0  3791.9  3791.9  3791.9  3791.9  3791.8  3791.8  3791.8  3791.8  3791.8  3791.8  3791.7  3791.7  3791.7  3791.7  3791.7  3791.6  3791.6  3791.6
 -1000.0 -1000.0  3791.9  3791.9  3791.9  3791.8  3791.8  3791.8  3791.8  3791.8  3791.8  3791.8  3791.7  3791.7  3791.7  3791.7  3791.7  3791.6  3791.6  3791.6
 -1000.0 -1000.0 -1000.0 -1000.0 -1000.0  3791.8  3791.8  3791.8  3791.8  3791.8  3791.8  3791.8  3791.8  3791.7  3791.7  3791.7  3791.7  3791.6  3791.6  3791.6
 -1000.0 -1000.0 -1000.0 -1000.0 -1000.0  3791.8  3791.8  3791.8  3791.8  3791.8  3791.8  3791.8  3791.8  3791.8 -1000.0 -1000.0 -1000.0 -1000.0 -1000.0 -1000.0
 -1000.0 -1000.0 -1000.0 -1000.0 -1000.0  3791.8  3791.8  3791.8  3791.8  3791.8  3791.8  3791.8  3791.8  3791.8 -1000.0 -1000.0 -1000.0 -1000.0 -1000.0 -1000.0
