#RIV6 - River package input file
#MxActR	IRivCB
24        -1
24
1         2         1    3793.0   0.03465    3781.0
1         2         2    3792.9   0.03465    3780.9
1         2         3    3792.8   0.03465    3780.8
1         2         4    3792.7   0.03465    3780.7
1         3         4    3792.6   0.03465    3780.6
1         4         4    3792.5   0.03465    3780.5
1         4         5    3792.4   0.03465    3780.4
1         4         6    3792.3   0.03465    3780.3
1         4         7    3792.2   0.03465    3780.2
1         4         8    3792.1   0.03465    3780.1
1         4         9    3792.0   0.03465    3780.0
1         4        10    3791.9   0.03465    3779.9
1         4        11    3791.8   0.03465    3779.8
1         5        11    3791.7   0.03465    3779.7
1         5        12    3791.6   0.03465    3779.6
1         5        13    3791.5   0.03465    3779.5
1         5        14    3791.4   0.03465    3779.4
1         5        15    3791.3   0.03465    3779.3
1         5        16    3791.2   0.03465    3779.2
1         6        16    3791.1   0.03465    3779.1
1         6        17    3791.0   0.03465    3779.0
1         6        18    3790.9	  0.03465    3778.9
1         6        19    3790.8	  0.03465    3778.8
1         6        20    3790.7	  0.03465    3778.7