        -1   1E+30         0         0.0         0         0
 1 0
Constant 1.0
Internal 1.0 (20F15.6)         0
       0.000350       0.000350       0.000350       0.000350       0.000350       0.000000       0.000000       0.000000       0.000000       0.000000       0.001050       0.001050       0.001050       0.001050       0.001250       0.001250       0.001250       0.001250       0.000000       0.000000
       0.000350       0.000350       0.000350       0.000350       0.000350       0.000000       0.000000       0.000000       0.000000       0.000000       0.001050       0.001050       0.001050       0.001050       0.001250       0.001250       0.001250       0.001250       0.000000       0.000000
       0.000350       0.000350       0.000350       0.000350       0.000350       0.000700       0.000700       0.000700       0.000700       0.000700       0.001050       0.001050       0.001050       0.001050       0.001250       0.001250       0.001250       0.001250       0.000000       0.000000
       0.000000       0.000000       0.000350       0.000350       0.000350       0.000700       0.000700       0.000700       0.000700       0.000700       0.001050       0.001050       0.001050       0.001050       0.001250       0.001250       0.001250       0.001250       0.000000       0.000000
       0.000000       0.000000       0.000350       0.000350       0.000350       0.000700       0.000700       0.000700       0.000700       0.000700       0.001050       0.001050       0.001050       0.001050       0.001250       0.001250       0.001250       0.001250       0.001500       0.001500
       0.000000       0.000000       0.000350       0.000350       0.000350       0.000700       0.000700       0.000700       0.000700       0.000700       0.001050       0.001050       0.001050       0.001050       0.001250       0.001250       0.001250       0.001250       0.001500       0.001500
       0.000000       0.000000       0.000350       0.000350       0.000350       0.000700       0.000700       0.000700       0.000700       0.000700       0.001050       0.001050       0.001050       0.001050       0.001250       0.001250       0.001250       0.001250       0.001500       0.001500
       0.000000       0.000000       0.000350       0.000350       0.000350       0.000700       0.000700       0.000700       0.000700       0.000700       0.001050       0.001050       0.001050       0.001050       0.001250       0.001250       0.001250       0.001250       0.001500       0.001500
       0.000000       0.000000       0.000350       0.000350       0.000350       0.000700       0.000700       0.000700       0.000700       0.000700       0.001050       0.001050       0.001050       0.001050       0.001250       0.001250       0.001250       0.001250       0.001500       0.001500
       0.000000       0.000000       0.000000       0.000000       0.000000       0.000700       0.000700       0.000700       0.000700       0.000700       0.001050       0.001050       0.001050       0.001050       0.001250       0.001250       0.001250       0.001250       0.001500       0.001500
       0.000000       0.000000       0.000000       0.000000       0.000000       0.000700       0.000700       0.000700       0.000700       0.000700       0.001050       0.001050       0.001050       0.001050       0.000000       0.000000       0.000000       0.000000       0.000000       0.000000
       0.000000       0.000000       0.000000       0.000000       0.000000       0.000700       0.000700       0.000700       0.000700       0.000700       0.001050       0.001050       0.001050       0.001050       0.000000       0.000000       0.000000       0.000000       0.000000       0.000000
Constant 1.15741E-09
Internal 500.0 (20F15.6)
       0.000700       0.000700       0.000700       0.000700       0.000700       0.000000       0.000000       0.000000       0.000000       0.000000       0.001050       0.001050       0.001050       0.001050       0.000350       0.000350       0.000350       0.000350       0.000000       0.000000
       0.000700       0.000700       0.000700       0.000700       0.000700       0.000000       0.000000       0.000000       0.000000       0.000000       0.001050       0.001050       0.001050       0.001050       0.000350       0.000350       0.000350       0.000350       0.000000       0.000000
       0.000700       0.000700       0.000700       0.000700       0.000700       0.001050       0.001050       0.001050       0.001050       0.001050       0.001050       0.001050       0.001050       0.001050       0.000350       0.000350       0.000350       0.000350       0.000000       0.000000
       0.000000       0.000000       0.000700       0.000700       0.000700       0.001050       0.001050       0.001050       0.001050       0.001050       0.001050       0.001050       0.001050       0.001050       0.000350       0.000350       0.000350       0.000350       0.000000       0.000000
       0.000000       0.000000       0.000700       0.000700       0.000700       0.001050       0.001050       0.001050       0.001050       0.001050       0.001050       0.001050       0.001050       0.001050       0.000350       0.000350       0.000350       0.000350       0.000350       0.000350
       0.000000       0.000000       0.000700       0.000700       0.000700       0.001050       0.001050       0.001050       0.001050       0.001050       0.001050       0.001050       0.001050       0.001050       0.000350       0.000350       0.000350       0.000350       0.000350       0.000350
       0.000000       0.000000       0.000700       0.000700       0.000700       0.001050       0.001050       0.001050       0.001050       0.001050       0.001050       0.001050       0.001050       0.001050       0.000350       0.000350       0.000350       0.000350       0.000350       0.000350
       0.000000       0.000000       0.000700       0.000700       0.000700       0.001050       0.001050       0.001050       0.001050       0.001050       0.001050       0.001050       0.001050       0.001050       0.000350       0.000350       0.000350       0.000350       0.000350       0.000350
       0.000000       0.000000       0.000700       0.000700       0.000700       0.001050       0.001050       0.001050       0.001050       0.001050       0.001050       0.001050       0.001050       0.001050       0.000350       0.000350       0.000350       0.000350       0.000350       0.000350
       0.000000       0.000000       0.000000       0.000000       0.000000       0.001050       0.001050       0.001050       0.001050       0.001050       0.001050       0.001050       0.001050       0.001050       0.000350       0.000350       0.000350       0.000350       0.000350       0.000350
       0.000000       0.000000       0.000000       0.000000       0.000000       0.001050       0.001050       0.001050       0.001050       0.001050       0.001050       0.001050       0.001050       0.001050       0.000000       0.000000       0.000000       0.000000       0.000000       0.000000
       0.000000       0.000000       0.000000       0.000000       0.000000       0.001050       0.001050       0.001050       0.001050       0.001050       0.001050       0.001050       0.001050       0.001050       0.000000       0.000000       0.000000       0.000000       0.000000       0.000000