#BAS6 Basic Package input file
FREE
INTERNAL   1   (20I3)   3     IBOUND   Layer 1
  1  1  1  1  1  0  0  0  0  0  1  1  1  1  1  1  1  1  0  0
  1  1  1  1  1  0  0  0  0  0  1  1  1  1  1  1  1  1  0  0
  1  1  1  1  1  1  1  1  1  1  1  1  1  1  1  1  1  1  0  0
  0  0  1  1  1  1  1  1  1  1  1  1  1  1  1  1  1  1  0  0
  0  0  1  1  1  1  1  1  1  1  1  1  1  1  1  1  1  1  1  1
  0  0  1  1  1  1  1  1  1  1  1  1  1  1  1  1  1  1  1  1
  0  0  1  1  1  1  1  1  1  1  1  1  1  1  1  1  1  1  1  1
  0  0  1  1  1  1  1  1  1  1  1  1  1  1  1  1  1  1  1  1
  0  0  1  1  1  1  1  1  1  1  1  1  1  1  1  1  1  1  1  1
  0  0  0  0  0  1  1  1  1  1  1  1  1  1  1  1  1  1  1  1
  0  0  0  0  0  1  1  1  1  1  1  1  1  1  0  0  0  0  0  0
  0  0  0  0  0  1  1  1  1  1  1  1  1  1  0  0  0  0  0  0
INTERNAL   1   (20I3)   3     IBOUND  Layer 2
  2  2  2  2  2  0  0  0  0  0  2  2  2  2  2  2  2  2  0  0
  2  2  2  2  2  0  0  0  0  0  2  2  2  2  2  2  2  2  0  0
  2  2  2  2  2  2  2  2  2  2  2  2  2  2  2  2  2  2  0  0
  0  0  2  2  2  2  2  2  2  2  2  2  2  2  2  2  2  2  0  0
  0  0  2  2  2  2  2  2  2  2  2  2  2  2  2  2  2  2  2  2
  0  0  2  2  2  2  2  2  2  2  2  2  2  2  2  2  2  2  2  2
  0  0  2  2  2  2  2  2  2  2  2  2  2  2  2  2  2  2  2  2
  0  0  2  2  2  2  2  2  2  2  2  2  2  2  2  2  2  2  2  2
  0  0  2  2  2  2  2  2  2  2  2  2  2  2  2  2  2  2  2  2
  0  0  0  0  0  2  2  2  2  2  2  2  2  2  2  2  2  2  2  2
  0  0  0  0  0  2  2  2  2  2  2  2  2  2  2  0  0  0  0  0
  0  0  0  0  0  2  2  2  2  2  2  2  2  2  2  0  0  0  0  0
-999.99	Value assigned to all inactive cells
CONSTANT   3800	 Initial Head layer 1
CONSTANT   3800	 Initial Head layer 2